nvars=13;
lb=[-99,-99,-99,-99,-99,-99,-99,-99,-99,-99,-99,-99,-99];
ub=[87,87,87,87,87,87,87,87,87,87,87,87,87];
[x,y]=ga(@fitness,nvars,[],[],[],[],lb,ub,[],[])